3.47932
3.4794
3.47934
3.47928
3.47938
3.47936
3.47945
3.47941
3.4793
3.4793
3.47929
3.47933
3.47933
3.47928
3.47942
3.47939
3.47939
3.47935
3.47928
3.47929
3.47927
3.47938
3.47935
3.47923
3.47939
3.47922
3.47926
3.47916
3.47928
3.47922
3.47915
3.4793
3.47928
3.47925
3.47921
3.47925
3.47939
3.47922
3.47925
3.47926
3.47926
3.47935
3.4793
3.47932
3.47919
3.47927
3.47932
3.47924
3.47932
3.4793
3.4792
3.47924
3.47915
3.47927
3.47931
3.47945
3.47921
3.47934
3.47912
3.47904
3.4792
3.47932
3.47917
3.47913
3.47923
3.47925
3.47916
3.47922
3.47912
3.47916
3.47915
3.47921
3.47923
3.47918
3.47915
3.47915
3.47924
3.47914
3.4792
3.47919
3.47909
3.47919
3.47913
3.47916
3.47914
3.4791
3.47914
3.47918
3.47915
3.47911
3.47908
3.47911
3.47905
3.47923
3.47906
3.4791
3.47905
3.47897
3.47902
3.47906
3.47906
3.47906
3.47918
3.4792
3.47909
3.47914
3.47909
3.47919
3.47919
3.47904
3.47915
3.47921
3.47922
3.47918
3.47923
3.4791
3.47909
3.47894
3.47906
3.47893
3.47894
3.47898
3.47904
3.47897
3.47902
3.47895
3.47896
3.47899
3.47897
3.47891
3.47886
3.47896
3.47902
3.47887
3.47905
3.47898
3.47897
3.47896
3.47901
3.47898
3.479
3.4789
3.47902
3.47897
3.47899
3.47902
3.47892
3.4789
3.47886
3.47899
3.4791
3.47895
3.47891
3.47903
3.47883
3.47907
3.47907
3.47908
3.47889
3.47899
3.4789
3.47889
3.47903
3.47882
3.47892
3.47895
3.47898
3.47895
3.47888
3.47903
3.47889
3.47889
3.47869
3.47889
3.47883
3.4789
3.47883
3.47882
3.4788
3.47891
3.47888
3.47894
3.47883
3.47885
3.47879
3.47883
3.47875
3.47895
3.4788
3.47887
3.47879
3.47889
3.47892
3.47889
3.47881
3.4788
3.47893
3.47891
3.47884
3.47899
3.47878
3.47896
3.47894
3.47888
3.47882
3.47886
3.4789
3.47881
3.47884
3.47889
3.47889
3.47897
3.47877
3.4789
3.47888
3.47886
3.47884
3.47888
3.47881
3.4789
3.47892
3.47885
3.47884
3.47883
3.47881
3.47876
3.47878
3.4788
3.47886
3.47878
3.47874
3.47893
3.47886
3.47881
3.47894
3.47885
3.47888
3.47882
3.47886
3.47895
3.47888
3.47883
3.4789
3.47889
3.47885
3.47877
3.47874
3.47882
3.47875
3.47893
3.47882
3.47881
3.47881
3.47885
3.47883
3.47881
3.47882
3.47877
3.47881
3.47879
3.47876
3.47883
3.47878
3.47881
3.47881
3.47883
3.47883
3.47884
3.47878
3.47873
3.47867
3.47869
3.47873
3.47871
3.4787
3.47885
3.47875
3.47873
3.47872
3.47873
3.47872
3.47878
3.47871
3.47875
3.47864
3.47869
3.47865
3.4787
3.47862
3.47872
3.47874
3.47874
3.47882
