49.3095
49.3045
49.3326
49.3076
49.3118
49.2898
49.3257
49.2918
49.3044
49.3299
49.3111
49.3298
49.3055
49.3007
49.338
49.3312
49.3129
49.3247
49.3302
49.3347
49.3218
49.3482
49.3507
49.3556
49.3297
49.3271
49.3263
49.339
49.3501
49.3274
49.359
49.403
49.3814
49.3917
49.3475
49.3456
49.3842
49.4034
49.3741
49.3741
49.4207
49.4498
49.4275
49.4311
49.4722
49.4328
49.4155
49.4488
49.4065
49.4126
49.4576
49.4521
49.4491
49.4694
49.4301
49.4157
49.4354
49.4163
49.4535
49.4144
49.4704
49.4223
49.4645
49.4565
49.4517
49.4443
49.4519
49.4571
49.4303
49.464
49.397
49.4656
49.4251
49.405
49.436
49.4338
49.4509
49.469
49.4486
49.4037
49.456
49.4785
49.451
49.454
49.421
49.4624
49.4704
49.4619
49.4361
49.4361
49.406
49.4718
49.4892
49.4219
49.4298
49.4729
49.448
49.4607
49.4548
49.4812
49.4314
49.4475
49.4344
49.4446
49.4353
49.4202
49.4493
49.4506
49.4326
49.4614
49.438
49.4095
49.4076
49.4318
49.4283
49.4198
49.4382
49.4362
49.4478
49.4131
49.4178
49.4357
49.4267
49.4668
49.4233
49.4554
49.4555
49.4599
49.3979
49.4417
49.4212
49.4543
49.4394
49.4337
49.4568
49.4333
49.4264
49.4324
49.4194
49.4174
49.4247
49.4401
49.4432
49.4473
49.4552
49.4418
49.4403
49.3912
49.4201
49.4234
49.4323
49.4769
49.4275
49.4394
49.4578
49.4355
49.4493
49.42
49.451
49.4259
49.4215
49.3976
49.4068
49.3989
49.4739
49.3978
49.4335
49.4142
49.3946
49.4285
49.4202
49.4091
49.4454
49.4173
49.4324
49.4231
49.4567
49.4085
49.4375
49.4073
49.4358
49.4363
49.4173
49.469
49.4417
49.3863
49.4072
49.4136
49.4123
49.449
49.4174
49.4237
49.3975
49.4355
49.4527
49.4567
49.4532
49.4722
49.4574
49.4513
49.4702
49.485
49.4551
49.413
49.4164
49.4062
49.404
49.4618
49.4086
49.4194
49.3996
49.4216
49.4014
49.412
49.395
49.3716
49.3956
49.3757
49.4163
49.3785
49.3723
49.3909
49.4116
49.3833
49.4243
49.3918
49.4074
49.4139
49.4299
49.3976
49.407
49.4139
49.428
49.4295
49.4379
49.4182
49.3581
49.4699
49.3978
49.3727
49.3986
49.4011
49.4175
49.4167
49.3931
49.4239
49.3697
49.4123
49.3999
49.4507
49.426
49.4481
49.4519
49.3856
49.389
49.3898
49.4279
49.4001
49.3909
49.3976
49.4696
49.4471
49.4517
49.4518
49.4191
49.4268
49.4197
49.4569
49.4021
49.4008
49.413
49.409
49.4549
49.474
49.4298
49.4081
49.3842
49.4424
49.4126
49.4529
49.5161
49.5064
49.4624
