3.60465
3.60446
3.6046
3.60444
3.60438
3.60429
3.60434
3.60454
3.60421
3.60426
3.60432
3.60408
3.60418
3.60412
3.60427
3.60411
3.60407
3.60403
3.60405
3.6042
3.60402
3.60417
3.60413
3.60415
3.604
3.60433
3.60403
3.60399
3.60397
3.60393
3.60406
3.60385
3.60385
3.60379
3.60377
3.60372
3.60382
3.60354
3.6037
3.60347
3.60355
3.60372
3.60341
3.60344
3.60331
3.60326
3.6034
3.60334
3.60328
3.60341
3.60327
3.60331
3.60313
3.60298
3.60309
3.60314
3.60297
3.60304
3.60316
3.6031
3.60308
3.60308
3.60307
3.60318
3.60305
3.60306
3.60306
3.60305
3.60325
3.60309
3.60299
3.60286
3.60302
3.60297
3.60326
3.60302
3.60311
3.6031
3.60295
3.60312
3.60307
3.60297
3.60314
3.60303
3.60308
3.60312
3.60317
3.6031
3.60312
3.60316
3.60321
3.60321
3.60323
3.60332
3.60328
3.60353
3.60349
3.60328
3.60327
3.60359
3.60334
3.60346
3.60346
3.60336
3.60337
3.60338
3.60337
3.60337
3.60339
3.60332
3.60334
3.60322
3.60317
3.6031
3.60303
3.60295
3.60299
3.603
3.60287
3.60272
3.60287
3.60278
3.60281
3.60296
3.60302
3.60298
3.60292
3.60287
3.60288
3.60295
3.60287
3.60283
3.60295
3.60297
3.60285
3.60283
3.60271
3.60282
3.60277
3.6029
3.60291
3.60292
3.60311
3.60298
3.60304
3.60299
3.60307
3.60309
3.60305
3.60302
3.60292
3.60298
3.60287
3.60294
3.60313
3.60295
3.60312
3.60282
3.60293
3.60306
3.6031
3.60297
3.60306
3.60314
3.60298
3.60311
3.60297
3.60299
3.60302
3.60308
3.60306
3.60301
3.60311
3.60328
3.60313
3.60305
3.60316
3.60317
3.60308
3.60323
3.60317
3.60318
3.60335
3.60325
3.60317
3.6033
3.60315
3.6031
3.60324
3.60322
3.60314
3.60318
3.6032
3.60319
3.60329
3.60332
3.60337
3.60337
