3.50991
3.50985
3.50983
3.5098
3.50968
3.5096
3.50962
3.50974
3.50974
3.50959
3.5098
3.50983
3.5096
3.5098
3.50963
3.50987
3.50968
3.50967
3.5097
3.50989
3.50967
3.50974
3.50984
3.50995
3.50983
3.50972
3.50961
3.50962
3.50973
3.50993
3.50938
3.50965
3.50965
3.50958
3.50954
3.5096
3.50953
3.50954
3.50968
3.50969
3.50963
3.50962
3.50947
3.50959
3.50973
3.5097
3.50965
3.50954
3.50955
3.5095
3.50968
3.50955
3.50971
3.50969
3.50954
3.50954
3.50946
3.50959
3.50944
3.50951
3.50954
3.50959
3.50968
3.50956
3.50949
3.50948
3.50944
3.50954
3.50965
3.50945
3.50952
3.50918
3.50957
3.50945
3.50948
3.50957
3.50969
3.50963
3.5095
3.50954
3.50958
3.50967
3.50958
3.50963
3.5095
3.50954
3.50965
3.50975
3.50941
3.50967
3.50916
3.50937
3.50946
3.50948
3.50967
3.50948
3.50965
3.50963
3.50956
3.50956
3.50946
3.5097
3.5093
3.50958
3.50949
3.50949
3.50979
3.50974
3.50976
3.50958
3.50954
3.50977
3.50952
3.50951
3.50951
3.50951
3.50954
3.5096
3.50954
3.50956
3.50937
3.50948
3.50953
3.50951
3.50958
3.50954
3.50969
3.50976
3.50956
3.50964
3.50937
3.5096
3.50965
3.50969
3.50964
3.5099
3.50973
3.50979
3.5097
3.50958
3.50979
3.5097
3.5096
3.50951
3.50962
3.5097
3.50956
3.50967
3.50966
3.5094
3.5096
3.50946
3.50942
3.5096
3.50939
3.50944
3.50931
3.50941
3.50953
3.50958
3.50948
3.50957
3.50951
3.50935
3.50947
3.50967
3.50947
3.50971
3.50967
3.50951
3.50954
3.50948
3.50952
3.50951
3.50959
3.50933
3.50961
3.50961
3.50962
3.50954
3.50943
3.50955
3.50964
3.50962
3.5096
3.50952
3.50952
3.50954
3.50952
3.50954
3.50951
3.50947
3.50941
3.50939
3.50945
3.50955
3.50945
3.5096
3.50949
3.50968
3.50946
3.50936
3.50939
3.50951
3.50929
3.50946
3.50935
3.50955
3.5094
3.5093
3.50949
3.50938
3.5095
3.50934
3.50954
3.50942
3.50941
3.50934
3.50947
3.50932
3.50943
3.50915
3.50926
3.50937
3.50926
3.50933
3.50934
3.5092
3.50949
3.50929
3.50913
3.50933
3.50948
3.50932
3.5093
3.50935
3.50944
3.50936
3.50928
3.5093
3.50934
3.50907
3.50934
3.50918
3.50933
3.50912
3.50926
3.50918
3.50933
3.50923
3.50931
3.50919
3.50917
3.50923
3.50923
3.50942
3.50946
3.50925
3.50936
3.50932
3.50915
3.50915
3.50933
3.50925
3.50942
3.50922
3.50909
3.50921
3.50921
3.50927
3.50941
