2.69097
2.69089
2.6909
2.69082
2.69079
2.69061
2.69065
2.69057
2.69056
2.69049
2.69043
2.69047
2.69048
2.69048
2.69042
2.69041
2.69036
2.69032
2.69034
2.69023
2.69023
2.69024
2.6901
2.69022
2.69012
2.69015
2.69003
2.69002
2.68998
2.69007
2.69005
2.69005
2.69014
2.69008
2.68998
2.69004
2.69002
2.69003
2.68994
2.69008
2.69002
2.68993
2.68995
2.6899
2.68992
2.68984
2.68988
2.68988
2.68987
2.68987
2.68988
2.68992
2.68989
2.6898
2.68982
2.68979
2.6898
2.68968
2.68978
2.68984
2.6898
2.68977
2.68976
2.68979
2.68968
2.68977
2.68974
2.68968
2.68975
2.68961
2.68967
2.68961
2.6897
2.68964
2.68964
2.68967
2.68965
2.68965
2.68965
2.68965
2.68964
2.68961
2.68964
2.68966
2.68964
2.6897
2.68969
2.68962
2.68959
2.68952
2.6896
2.68952
2.68944
2.68943
2.6895
2.68949
2.68945
2.68943
2.68949
2.68945
2.68943
2.68935
2.68936
2.68941
2.68937
2.68932
2.68937
2.68936
2.68939
2.68935
2.68927
2.68936
2.68935
2.68937
2.68928
2.68932
2.68938
2.68937
2.68944
2.68935
2.68937
2.68934
2.68941
2.68926
2.68929
2.68931
2.68933
2.68931
2.6893
2.68927
2.68936
2.6894
2.68932
2.68929
2.68939
2.68939
2.68935
2.68935
2.68937
2.68928
2.68925
2.68944
2.68933
2.68935
2.6893
2.68932
2.68938
2.68939
2.68938
2.68935
2.68939
2.68943
2.68944
2.68937
2.68934
2.68939
2.6894
2.68943
2.68932
2.6893
2.68934
2.68938
2.68931
2.68925
2.68918
2.68925
2.68922
2.68924
2.68924
2.68927
2.68926
2.68925
2.68922
2.68925
2.68932
2.68917
2.68923
2.68922
2.68918
2.68918
2.68916
2.68923
2.68916
2.68919
2.68926
2.68919
2.68922
2.68919
2.68919
2.6892
2.68927
2.68925
2.68917
2.68923
2.68922
2.68918
2.68907
2.6892
2.6892
2.68916
2.6891
2.68912
2.68918
2.68918
2.68917
2.6891
2.68911
2.6891
2.68917
2.68913
2.68911
2.6891
2.68913
2.68916
2.68912
2.68916
2.68909
2.68908
2.68899
2.68909
2.68909
2.68907
2.68916
2.68913
2.68906
2.68904
2.68908
2.68901
2.68903
2.6891
2.68904
2.689
2.68905
2.68914
2.68901
2.68906
2.68908
2.68905
2.689
2.68906
2.68904
2.68905
2.68913
2.68898
2.68905
2.68906
2.68906
2.689
2.68898
2.68892
2.68896
2.68889
2.68892
2.68887
2.68886
2.6889
2.68881
2.68891
2.68885
2.68894
2.68884
2.68887
2.68899
2.68892
2.68887
2.68888
2.68892
2.68889
2.68889
2.68894
2.68886
2.68896
2.68897
2.68886
2.68876
2.68889
2.68885
2.68894
2.68889
2.68884
2.68887
2.68886
2.68885
2.68885
2.68885
2.68888
2.68875
2.68891
2.68895
2.68888
2.68888
2.68884
2.68882
2.68887
2.68877
2.68883
2.68875
2.68884
2.68878
2.68874
2.68881
2.68881
2.6888
2.68874
2.68878
2.68879
2.68883
2.68882
2.68886
2.68882
2.68884
2.68882
2.68886
2.68875
2.68884
2.68888
2.68881
2.6889
2.68883
2.68882
2.68888
2.68881
2.68878
2.68877
2.68875
2.68875
2.68882
2.68872
2.6888
2.68877
2.68875
2.68883
2.68881
2.68873
2.68881
2.68887
2.68883
2.68878
2.6887
2.68879
2.68886
2.68884
2.68896
2.68887
2.68884
2.68873
2.68881
2.68875
2.68872
2.68872
2.68868
2.6888
2.68874
2.68876
2.68876
2.68885
2.68875
2.68877
2.68877
2.68879
2.68883
2.68882
2.68878
2.68884
2.68878
2.68882
2.68877
2.68877
2.68882
2.68879
2.68883
2.68874
2.68876
2.68875
2.68874
2.68875
2.6888
2.68871
2.68868
2.6887
2.68873
2.68873
2.68873
2.68867
2.68867
2.68863
2.68866
2.68864
2.68854
2.68861
2.68867
2.68858
2.6886
2.68858
2.68861
2.68856
2.68858
2.68856
2.68852
2.68859
2.6886
2.68845
2.68859
2.68855
2.6886
2.68865
2.68858
2.68854
2.68851
2.68847
2.68852
2.68854
2.6885
2.68853
2.6886
2.68849
2.68849
2.68856
2.68848
2.68856
2.68855
2.68852
2.68849
2.68849
2.68851
2.68851
2.68851
2.68848
2.68854
2.68848
2.68854
2.68856
2.68846
2.68848
2.68852
2.68861
2.68855
2.68855
2.68847
2.68843
2.68849
2.68853
2.68853
2.68851
2.68845
2.68844
2.68841
2.68842
2.68847
2.68842
2.68853
2.68843
2.68839
2.68836
2.68845
2.68843
2.68839
2.68838
2.6884
2.68838
2.68843
2.68839
2.68841
2.68841
2.68845
2.68849
2.68841
2.68841
2.68841
2.68845
2.6884
2.68835
2.68842
2.68845
2.6884
2.68844
2.68831
2.68833
2.68842
2.6884
2.68832
2.68834
2.68832
2.68843
2.68838
2.68847
2.68843
2.68845
2.68838
2.68839
2.6884
2.68843
2.68844
2.68845
2.6884
2.68834
2.68837
2.68843
2.68834
2.6884
2.6883
2.68834
2.68831
2.68842
2.68834
2.68832
2.68841
2.68836
2.68839
2.68835
2.68837
2.68826
2.68823
2.68832
2.68831
2.68832
2.68831
2.68834
2.6883
2.68837
2.6884
2.68829
2.68831
2.68831
2.68827
2.68834
2.68826
2.68834
2.68822
2.68826
2.68832
2.6883
2.68826
2.68837
2.68822
2.68835
2.68828
2.68828
2.68832
2.68821
2.68824
2.68828
2.68824
2.68835
2.68823
2.68827
2.68831
2.68826
2.68832
2.68834
2.68826
2.68826
2.68834
2.68823
2.68828
2.6883
2.6883
2.68829
2.68833
2.68838
2.68837
2.6883
2.68825
2.68834
2.6883
2.68835
2.68837
2.6884
2.68833
2.68841
2.68836
2.68834
2.68832
2.6884
2.68834
2.68837
2.68839
2.68842
2.68839
2.68837
2.68844
2.68835
2.68834
2.68839
2.68839
2.68842
2.68831
2.68837
2.6885
2.68843
2.68835
2.68831
2.68832
2.6883
2.68836
2.68838
2.68833
2.68839
2.68832
2.68839
2.68837
2.68836
2.6883
2.68839
2.68827
2.68833
2.68828
2.68833
2.68826
2.68828
2.68836
2.68832
2.68832
2.68832
2.68838
2.68841
2.68833
2.68832
2.6883
2.68836
2.68834
2.68827
2.68826
2.68826
