-1.78E-05
0.00223806
0.00256033
0.00159353
0.00062674
-0.000340053
-0.000340053
0.00223806
0.00062674
0.00159353
-1.78E-05
0.00127127
-0.00130685
-1.78E-05
0.0019158
0.00127127
0.00062674
0.00062674
0.00062674
0.000949005
-1.78E-05
-0.000340053
0.00062674
0.00127127
0.000304476
-0.000340053
0.000949005
0.00127127
-1.78E-05
-1.78E-05
0.000949005
0.00256033
0.00062674
-0.000340053
-1.78E-05
-1.78E-05
0.000949005
0.000949005
0.00062674
-0.000662317
0.00127127
0.000949005
0.00062674
-0.000340053
0.000949005
0.00159353
-0.000340053
0.000304476
0.000304476
0.00127127
0.000949005
0.000949005
0.00062674
-0.00130685
-0.00130685
-1.78E-05
-0.000662317
0.00127127
-1.78E-05
0.000949005
0.00159353
0.000304476
-0.000662317
0.00062674
0.000304476
0.00223806
-0.000662317
0.000304476
0.000949005
0.000304476
0.000304476
0.00127127
-0.000340053
0.000304476
-1.78E-05
0.000949005
0.000304476
0.000949005
-0.000662317
-0.000340053
0.00062674
0.000949005
0.00159353
-0.00162911
0.00159353
-0.00130685
0.00159353
0.000304476
0.00159353
0.00062674
0.000949005
0.00159353
0.00062674
0.00127127
0.000949005
0.00223806
0.00127127
-0.000984581
0.00159353
