0.000304476
0.00062674
0.000304476
0.00062674
0.000949005
0.000304476
0.000949005
0.000949005
0.00062674
-1.78E-05
0.00062674
0.000304476
0.000304476
-1.78E-05
0.00062674
0.000304476
-1.78E-05
0.000949005
0.00062674
0.00062674
-1.78E-05
0.00062674
0.00062674
0.00062674
0.000304476
0.000949005
0.00062674
0.000304476
0.000304476
0.000304476
0.000304476
0.00062674
0.000304476
0.000304476
0.000304476
0.00062674
0.000304476
0.00062674
-1.78E-05
0.000304476
-1.78E-05
-1.78E-05
0.00062674
0.000304476
0.000304476
0.000304476
0.000304476
0.000304476
-1.78E-05
-1.78E-05
-0.000340053
-1.78E-05
0.00062674
-1.78E-05
0.00062674
0.00062674
0.000304476
-1.78E-05
0.00062674
0.000304476
0.000304476
0.000304476
-1.78E-05
0.000304476
0.00062674
0.000949005
-1.78E-05
0.00062674
0.000304476
0.000304476
0.000949005
0.00062674
0.00062674
0.00062674
0.000304476
0.000304476
0.000304476
0.000304476
0.000304476
0.00062674
0.00062674
0.000304476
0.000304476
0.000304476
0.000304476
-0.000340053
0.000304476
0.000304476
0.000304476
0.00062674
0.000304476
0.000304476
0.000304476
0.00062674
0.000304476
0.000304476
0.00062674
0.000304476


