3.62967
3.64192
3.64224
3.64256
3.64256
3.64224
3.64288
3.64224
3.64224
3.64256
3.64288
3.64224
3.6432
3.64224
3.64256
3.64288
3.64288
3.64256
3.64288
3.64288
3.64192
3.64224
3.64256
3.64288
3.64224
3.64224
3.64288
3.64192
3.64256
3.64256
3.64224
3.64224
3.64224
3.64256
3.64256
3.64256
3.64288
3.64256
3.64256
3.64288
3.64256
3.64256
3.64256
3.64256
3.64224
3.64192
3.64288
3.64256
3.64224
3.64256
3.6432
3.64256
3.64288
3.64224
3.64256
3.64256
3.64256
3.64224
3.64256
3.64256
3.64224
3.64224
3.64192
3.64256
3.64224
3.64288
3.64256
3.64288
3.64256
3.6432
3.64256
3.64224
3.64288
3.6432
3.64224
3.64288
3.64256
3.64192
3.64288
3.64256
3.64288
3.64256
3.64288
3.64256
3.64256
3.6432
3.64256
3.64256
3.64192
3.64224
3.64288
3.64192
3.64224
3.64256
3.64256
3.64256
3.64224
3.64256
3.64256

