3.40408
3.72184
3.73602
3.73634
3.73763
3.73699
3.73699
3.7357
3.73699
3.73827
3.73634
3.73731
3.73602
3.7357
3.73795
3.7357
3.73763
3.73731
3.7357
3.7357
3.73731
3.73795
3.73634
3.73699
3.73795
3.73666
3.73892
3.73827
3.73795
3.73699
3.73666
3.73666
3.7386
3.7386
3.73827
3.73731
3.73634
3.73763
3.73699
3.73731
3.73666
3.73634
3.73634
3.73699
3.73666
3.73731
3.73634
3.73892
3.73699
3.7386
3.73731
3.73827
3.73699
3.73763
3.73892
3.73666
3.7357
3.73827
3.73827
3.73763
3.73795
3.73731
3.73795
3.73763
3.73666
3.73763
3.73763
3.73473
3.73699
3.73699
3.73795
3.7357
3.73795
3.73699
3.7386
3.73666
3.73731
3.73602
3.7357
3.73731
3.73795
3.73699
3.73763
3.73634
3.73537
3.73666
3.73763
3.73763
3.73505
3.73763
3.73634
3.73763
3.73795
3.73731
3.73699
3.73634
3.73731
3.73956
3.73731
3.73924
