100.068	3.73316
100.033	3.73439
100.03	3.73459
100.033	3.73455
119.959	3.74884
119.96	3.74871
119.96	3.74868
140.072	3.76318
140.073	3.76301
140.073	3.76309
160.004	3.77697
160.005	3.77696
160.005	3.7768
179.933	3.78991
179.933	3.78977
179.933	3.78991
200.05	3.80146
200.051	3.80143
200.05	3.80135
219.979	3.81089
219.98	3.81099
219.981	3.81086
239.909	3.81817
239.909	3.81779
239.912	3.8178
260.029	3.82236
260.03	3.82204
260.029	3.82221
279.959	3.82327
279.957	3.82312
279.957	3.82287
279.958	3.823
300.075	3.82009
300.077	3.82007
300.076	3.81996
320.005	3.81337
320.005	3.81329
320.006	3.81306
339.936	3.80205
339.936	3.80175
339.936	3.80168
360.053	3.78595
360.053	3.78569
360.053	3.78559
379.983	3.76529
379.983	3.76493
379.983	3.76492
399.915	3.73975
399.915	3.73932
399.916	3.73959
420.03	3.71023
420.03	3.7096
420.031	3.70956
439.961	3.67626
439.96	3.67562
439.96	3.67535
439.962	3.67521
460.077	3.63837
460.078	3.63817
460.076	3.63822
480.009	3.59956
480.008	3.59899
480.008	3.59893
499.94	3.55881
499.939	3.55824
499.94	3.55819
520.056	3.51745
520.055	3.51702
520.055	3.51698
539.979	3.47795
539.984	3.47793
539.984	3.47807
559.916	3.44053
559.916	3.4402
559.916	3.44019
580.033	3.40507
580.033	3.40471
580.032	3.40467
599.965	3.37317
599.962	3.37331
599.965	3.37299
599.965	3.37304
620.079	3.34593
620.079	3.34577
620.079	3.34573
640.01	3.32358
640.01	3.32346
640.01	3.32343
659.94	3.30639
659.938	3.30617
659.939	3.30622
680.056	3.29433
680.057	3.29412
680.056	3.29424
699.988	3.28736
699.987	3.28721
699.987	3.28712
719.917	3.28562
719.917	3.28558
719.917	3.28545
740.036	3.28818
740.036	3.28794
740.034	3.28797
758.846	3.294
759.964	3.29442
759.964	3.29437
759.965	3.29441
780.081	3.30445
780.081	3.3042
780.081	3.30414
800.013	3.31786
800.012	3.31748
800.012	3.31739
819.943	3.33275
819.942	3.33221
819.944	3.33209
840.06	3.34942
840.06	3.34888
840.06	3.34882
859.989	3.36726
859.99	3.36696
859.99	3.3667
860.061	3.36589
879.921	3.38564
879.922	3.38563
879.92	3.38553
900.037	3.40526
900.035	3.40531
900.035	3.40487
919.968	3.42488
919.968	3.42494
919.967	3.4246
940.084	3.44517
940.083	3.44461
940.083	3.44455
960.014	3.46424
960.015	3.46374
960.015	3.46341
979.945	3.48315
979.944	3.48222
979.945	3.48207
1000.07	3.50108
1000.06	3.50054
1000.06	3.5002
1019.99	3.51839
1019.99	3.51781
1019.99	3.51759
1039.92	3.53507
1039.92	3.53461
1039.92	3.53442
1060.04	3.55127
1060.04	3.55082
1060.04	3.55091
1079.97	3.56705
1079.97	3.56666
1079.97	3.56613
1100.09	3.58169
1100.08	3.58115
1100.09	3.58117
1107.45	3.5602
1120.02	3.59534
1120.02	3.59533
1120.02	3.59511
1139.95	3.60864
1139.95	3.60851
1139.95	3.60836
1160.07	3.62208
1160.06	3.62157
1160.06	3.6216
1179.99	3.63423
1179.99	3.63408
1179.99	3.63396
1199.93	3.64612
1199.92	3.64579
1199.93	3.64587
1220.04	3.65734
1220.04	3.65668
1220.04	3.65658
1239.98	3.66737
1239.97	3.66728
1239.97	3.66689
1260.09	3.67729
1260.09	3.67676
1260.09	3.67685
1280.02	3.68666
1280.02	3.68648
1280.02	3.68648
1299.95	3.69569
1299.95	3.69561
1299.95	3.69563
1320.07	3.705
1320.07	3.70506
1320.07	3.70516
1340	3.71393
1340	3.71183
1340	3.71183
1340	3.71167
1359.93	3.71974
1359.93	3.71942
1359.93	3.7195
1380.04	3.72738
1380.05	3.72727
1380.04	3.7279
1399.98	3.73365
1399.97	3.73417
1399.97	3.7339
1420.09	3.74096
1420.09	3.73985
1420.09	3.73967
1420.09	3.7415
1440.02	3.7482
1440.02	3.74778
1440.02	3.74615
1459.95	3.75194
1459.95	3.75251
1459.95	3.75324
1480.07	3.75912
1480.07	3.75972
1480.07	3.76222
1500	3.76601
1500	3.76791
1500	3.76538
1519.93	3.77066
1519.93	3.76768
1519.93	3.76979
1540.05	3.77603
1540.05	3.77677
1540.05	3.77623
1559.98	3.78169
1559.98	3.794
1559.99	3.79053
1580.09	3.79483
1580.09	3.79022
1580.09	3.79087
1600.02	3.79535
1600.03	3.79545
1600.03	3.79603
1611.79	3.77783
1619.95	3.80185
1619.95	3.80023
1620.11	3.79448
1640.07	3.80081
1640.07	3.80058
1640.07	3.80158
1660	3.80527
1660	3.80453
1660	3.80441
1679.93	3.80538
1679.93	3.80427
1679.93	3.80604
1700.05	3.80904
1700.05	3.81149
1700.05	3.80476
1719.98	3.80563
1719.98	3.80794
1719.98	3.81151
1740.1	3.81408
1740.1	3.81355
1740.1	3.81466
1760.03	3.81697
1760.03	3.81747
1760.03	3.81818
1779.96	3.82111
1779.97	3.82298
1779.96	3.81775
1800.08	3.82246
1800.08	3.81772
1800.08	3.81797
1820.01	3.8211
1820	3.82238
1820	3.82408
1839.93	3.82957
1839.94	3.83259
1839.94	3.83261
1860.06	3.83605
1860.05	3.83363
1860.05	3.82789
1879.98	3.82865
1879.98	3.83094
1879.97	3.83323
1900.1	3.83822
1900.1	3.83445
1900.09	3.83525
1920.03	3.83482
1920.03	3.83742
1920.03	3.83972
1939.96	3.83528
1939.96	3.83282
1939.96	3.83276
1960.08	3.83837
1960.07	3.83728
1960.08	3.83544
1980.01	3.83892
1980.01	3.83877
1980.01	3.83833
1980.01	3.83777
1999.95	3.84035
1999.93	3.83933
1999.93	3.83865
2020.06	3.84011
2020.05	3.83978
2020.05	3.84006
2039.98	3.8417
2039.98	3.84107
2039.99	3.84117
2060.1	3.84276
2060.1	3.8427
2060.1	3.8431
2080.03	3.84421
2080.03	3.84424
2080.03	3.84421
2099.96	3.84577
2099.96	3.84622
2099.96	3.8448
2120.08	3.84405
2120.08	3.84382
2120.08	3.84349
2140.01	3.84564
2140.01	3.8431
2140.01	3.84365
2159.94	3.84502
2159.94	3.84421
2159.94	3.84645
2180.06	3.84611
2180.06	3.84498
2180.06	3.84636
2199.99	3.84649
2199.99	3.84721
2199.99	3.84651
2220.1	3.84895
2220.11	3.84916
2220.1	3.84985
2220.1	3.84828
2240.03	3.84969
2240.04	3.852
2240.03	3.85201
2259.96	3.85142
2259.96	3.85118
2259.96	3.85159
2280.08	3.85226
2280.08	3.85004
2280.08	3.85094
2300.01	3.85229
2300.01	3.85141
2300	3.85321
2319.94	3.85238
2319.95	3.8527
2319.94	3.85126
2340.06	3.85107
2340.06	3.85099
2340.06	3.85281
2360.01	3.85673
2359.99	3.85148
2359.99	3.85054
2380.11	3.85425
2380.11	3.85116
2380.12	3.85399
2400.03	3.85877
2400.04	3.853
2400.04	3.85366
2419.97	3.85301
2419.97	3.85282
2419.97	3.85057
2440.08	3.85165
2440.09	3.85313
2440.08	3.85261
2460.02	3.85238
2460.02	3.85204
2460.02	3.85157
2479.94	3.85461
2479.95	3.85259
2479.94	3.85457
2500.06	3.85419
2500.06	3.85485
2500.08	3.85662
2519.99	3.8518
2519.99	3.85257
2519.99	3.85237
2540.11	3.85589
2540.11	3.85314
2540.11	3.85383
2560.04	3.85592
2560.04	3.85635
2560.04	3.86121
2579.97	3.86004
2579.97	3.85637
2579.97	3.85575
2600.09	3.85594
2600.09	3.85544
2600.09	3.85387
2620.02	3.85626
2620.02	3.85644
2620.02	3.85657
2639.95	3.85628
2639.95	3.84873
2639.95	3.84902
2660.06	3.84846
2660.06	3.84918
2660.06	3.84912
2679.99	3.84976
2680	3.85004
2679.99	3.85043
2680	3.85035
2700.11	3.85096
2700.11	3.8515
2700.11	3.85203
2720.04	3.85249
2720.04	3.85387
2720.04	3.85461
2739.97	3.85939
2739.97	3.85889
2739.97	3.85449
2760.09	3.85953
2760.09	3.85986
2760.09	3.8556
2780.02	3.85974
2780.02	3.85652
2780.02	3.86011
2799.95	3.85981
2799.95	3.86106
2799.95	3.86157
2820.07	3.86084
2820.07	3.86044
2820.07	3.85654
2839.99	3.86185
2840	3.86161
2840	3.85783
2860.11	3.85555
2860.11	3.8558
2860.11	3.85619
2880.04	3.85629
2880.04	3.85626
2880.04	3.85636
2899.97	3.856
2899.98	3.85568
2899.97	3.85603
2920.09	3.85667
2920.09	3.85655
2920.09	3.85683
2940.02	3.85883
2940.02	3.85896
2940.02	3.86202
2959.95	3.86127
2959.95	3.8622
2959.95	3.8606
2980.07	3.86108
2980.07	3.86251
2980.07	3.86272
3000	3.86239
3000	3.86288
3000	3.86424
3020.12	3.86381
3020.12	3.86363
3020.12	3.86562
3040.04	3.86056
3040.05	3.86009
3040.05	3.86004
3059.98	3.86104
3059.98	3.86169
3059.98	3.86281
3080.09	3.86025
3080.1	3.86226
3080.09	3.85716
3100.02	3.86116
3100.02	3.85996
3100.02	3.85977
3119.95	3.86121
3119.96	3.8585
3119.96	3.86139
3140.07	3.86023
3140.07	3.86205
3140.07	3.86192
3160	3.86102
3160	3.86244
3160	3.85995
3178.43	3.85883
3179.93	3.86537
3179.93	3.86653
3180.06	3.86724
3200.05	3.86852
3200.05	3.86259
3200.05	3.86501
3219.98	3.86493
3219.98	3.86725
3219.99	3.86491
3240.09	3.86777
3240.09	3.86599
3240.1	3.86542
3260.03	3.86491
3260.03	3.86519
3260.03	3.86828
3279.96	3.86734
3279.96	3.86393
3279.96	3.86416
3300.07	3.85703
3300.07	3.85834
3300.07	3.85984
3320	3.85965
3320	3.86353
3320	3.86333
3339.94	3.85869
3339.94	3.86368
3339.94	3.86082
3360.06	3.86158
3360.05	3.86066
3360.05	3.85949
3379.97	3.85883
3379.98	3.85977
3379.98	3.86266
3400.1	3.85927
3400.1	3.86265
3400.1	3.86067
3420.03	3.86206
3420.03	3.86343
3420.03	3.86118
3439.96	3.85918
3439.96	3.85998
3439.96	3.86005
3460.08	3.86129
3460.07	3.86138
3460.08	3.86079
3480.01	3.86
3480	3.86322
3480.01	3.86128
3499.94	3.86315
3499.94	3.85926
3499.94	3.86107
3520.05	3.86132
3520.05	3.86176
3520.05	3.86234
3539.99	3.86335
3539.99	3.86555
3539.98	3.86719
3560.1	3.85982
3560.1	3.86208
3560.1	3.86173
3580.03	3.86013
3580.03	3.86115
3580.03	3.86061
3599.96	3.86112
3599.96	3.86132
3599.96	3.86133
3620.08	3.86132
3620.08	3.86121
3620.08	3.86107
3640.01	3.8613
3640.01	3.86152
3640.01	3.86103
3659.94	3.86191
3659.94	3.86043
3659.94	3.86238
3680.06	3.86266
3680.06	3.86257
3680.06	3.86267
3699.99	3.86272
3699.99	3.86274
3699.99	3.86421
3720.1	3.8632
3720.1	3.86339
3720.1	3.86363
3739.6	3.85951
3740.03	3.86211
3740.03	3.86262
3740.03	3.86229
3759.96	3.86275
3759.96	3.86318
3759.97	3.86174
3780.08	3.86188
3780.08	3.86315
3780.08	3.86285
3800.01	3.86303
3800.01	3.86209
3800.01	3.86113
3819.94	3.862
3819.94	3.86192
3821.84	3.85461
3840.06	3.86282
3840.06	3.8652
3859.99	3.86553
3859.99	3.85707
3859.99	3.86295
3880.11	3.86046
3880.11	3.86104
3880.11	3.86374
3900.04	3.86374
3900.04	3.86331
3900.04	3.86169
3919.97	3.86251
3919.97	3.86299
3919.97	3.8621
3940.08	3.86178
3940.09	3.86107
3940.08	3.8618
3960.01	3.86138
3960.01	3.86101
3960.01	3.86064
3979.94	3.86055
3979.94	3.86042
3979.94	3.86034
4000.06	3.86019
4000.06	3.85862
4000.06	3.85855
4000.06	3.8585
4019.99	3.86001
4019.99	3.85616
4019.99	3.85489
4040.11	3.85522
4040.11	3.85486
4040.11	3.85347
4060.04	3.85373
4060.04	3.85531
4060.04	3.85394
4079.97	3.85421
4079.97	3.85389
4079.97	3.85428
4100.09	3.85422
4100.09	3.85396
4100.09	3.85397
4120.02	3.85424
4120.02	3.85444
4120.02	3.8544
4139.95	3.85396
4139.95	3.85391
4158.61	3.85335
4160.06	3.85388
4160.06	3.85416
4179.99	3.85396
4179.99	3.85419
4179.99	3.85433
4200.11	3.85507
4200.11	3.85474
4200.11	3.85525
4220.04	3.85614
4220.04	3.85657
4220.04	3.8565
4239.97	3.85683
4239.97	3.85724
4239.97	3.85743
4260.09	3.85717
4260.09	3.85784
4260.09	3.85833
4280.02	3.86011
4280.02	3.86026
4280.02	3.86036
4299.95	3.86042
4299.95	3.86078
4299.95	3.86042
4320.07	3.86012
4320.07	3.85995
4320.07	3.85994
4340	3.85827
4340	3.85892
4340	3.85889
4360.11	3.86013
4360.11	3.86017
4360.11	3.8599
4380.04	3.86004
4380.04	3.85991
4380.04	3.86014
4399.98	3.85989
4399.97	3.85985
4399.97	3.85959
4420.09	3.85988
4420.09	3.85901
4420.09	3.85874
4440.02	3.85682
4440.02	3.85746
4440.02	3.85741
4459.95	3.85737
4459.95	3.85746
4459.95	3.85806
4480.07	3.8585
4480.07	3.85827
4480.07	3.85882
4500	3.85868
4500	3.85873
4500	3.85894
4520.12	3.85923
4520.12	3.85908
4520.12	3.8589
4540.05	3.85878
4540.05	3.85891
4540.05	3.85903
4559.98	3.85861
4559.98	3.85867
4559.98	3.8588
4580.09	3.85936
4580.09	3.85917
4580.09	3.85939
4600.02	3.85914
4600.02	3.85982
4600.03	3.86001
4619.95	3.8603
4619.95	3.86071
4619.95	3.86089
4640.07	3.86053
4640.07	3.8609
4640.07	3.86111
4660	3.86162
4660	3.86148
4679.77	3.8601
4680.12	3.86162
4680.12	3.86161
4700.05	3.86193
4700.05	3.86168
4700.05	3.86254
4719.98	3.86222
4719.98	3.86215
4719.98	3.8613
4740.1	3.86235
4740.1	3.86386
4740.1	3.8648
4760.03	3.86155
4760.03	3.86415
4760.03	3.86433
4779.96	3.86071
4779.96	3.86154
4779.96	3.8628
4800.08	3.86343
4800.07	3.86285
4800.07	3.86172
4820	3.86089
4820	3.85966
4820	3.85939
4840.12	3.85931
4840.12	3.8592
4840.72	3.86086
4860.05	3.85919
4860.05	3.85886
4879.98	3.85774
4879.98	3.85821
4879.98	3.85796
4900.1	3.85775
4900.1	3.85793
4900.1	3.85805
4920.03	3.85787
4920.03	3.85795
4920.03	3.8579
4939.96	3.85838
4939.96	3.85799
4939.96	3.85782
4960.08	3.85866
4960.08	3.85844
4960.08	3.85871
4980.01	3.85923
4980.01	3.85875
4980.01	3.85825
5000.12	3.85833
5000.12	3.85792
5000.12	3.85891
5020.05	3.85872
5020.05	3.85882
5020.05	3.85792
5039.98	3.85843
5039.98	3.85782
5039.98	3.85761
5060.1	3.85838
5060.1	3.85825
5060.1	3.85825
5080.03	3.85822
5080.03	3.85801
5099.96	3.85781
5099.96	3.85703
5099.96	3.85818
5120.08	3.85825
5120.08	3.85679
5120.08	3.85685
5140.01	3.85783
5140.01	3.85792
5140.01	3.85744
5160.13	3.85782
5160.13	3.85776
5160.13	3.85792
5180.06	3.85782
5180.06	3.85798
5180.06	3.85748
5199.99	3.8577
5199.99	3.85764
5199.99	3.85763
5220.1	3.85707
5220.1	3.85747
5220.1	3.8576
5240.03	3.85788
5240.03	3.85745
5240.03	3.85556
5259.96	3.85562
5259.96	3.85574
5280.08	3.85511
5280.08	3.85557
5280.08	3.85577
5280.08	3.85602
5300.01	3.85546
5300.01	3.85565
5300.01	3.85577
5320.13	3.85639
5320.13	3.8555
5320.13	3.85402
5340.06	3.85389
5340.06	3.85395
5340.06	3.85474
5359.99	3.85567
5359.99	3.85599
5359.99	3.85612
5380.11	3.85573
5380.11	3.85537
5380.11	3.85512
5400.04	3.85444
5400.04	3.85587
5400.04	3.85478
5419.97	3.85509
5419.97	3.85515
5439.85	3.85248
5440.08	3.85519
5440.08	3.85543
5460.01	3.85504
5460.01	3.85482
5460.01	3.85498
5460.01	3.85512
5480.13	3.85499
5480.13	3.8548
5500.06	3.85417
5500.06	3.85432
5500.06	3.85465
5519.99	3.85404
5519.99	3.8545
5519.99	3.85454
5540.11	3.85454
5540.11	3.85389
5540.11	3.85453
5560.04	3.85425
5560.04	3.8543
5560.04	3.85426
5579.97	3.85393
5579.97	3.85409
5579.97	3.85439
5600.09	3.85453
5600.09	3.85484
5600.09	3.85434
5620.02	3.85498
5620.02	3.85404
5620.02	3.85383
5640.13	3.85431
5640.13	3.85373
5640.13	3.85372
5654.89	3.83556
5660.07	3.85385
5660.07	3.8539
5679.99	3.85355
5679.99	3.85368
5679.99	3.85352
5700.11	3.85362
5700.11	3.85342
5700.11	3.85329
5720.04	3.85348
5720.04	3.85346
5720.04	3.8536
5739.97	3.85385
5739.97	3.85334
5739.97	3.85333
5760.09	3.85344
5760.09	3.85216
5760.09	3.85243
5780.02	3.852
5780.02	3.85229
5780.02	3.85238
5800.14	3.8526
5800.14	3.85278
5800.14	3.85283
5820.07	3.85233
5820.07	3.85221
5820.07	3.85178
5840	3.85184
5840	3.85125
5840	3.85235
5860.11	3.8516
5860.11	3.8512
5880.04	3.85228
5880.04	3.85164
5880.04	3.8517
5899.97	3.85204
5899.97	3.85163
5899.98	3.85204
5920.09	3.8514
5920.09	3.85192
5920.09	3.85174
5940.02	3.85192
5940.02	3.85221
5940.02	3.8525
5960.14	3.85197
5960.14	3.85198
5960.14	3.85201
5980.07	3.85224
5980.07	3.852
6000	3.85232
6000	3.8526
6000	3.85218
