3.55253
3.55244
3.55246
3.55256
3.55239
3.55228
3.55226
3.55218
3.55207
3.55218
3.5522
3.55218
3.55206
3.55209
3.55212
3.55208
3.55216
3.55206
3.55203
3.55206
3.55194
3.55197
3.55194
3.55193
3.552
3.55188
3.55188
3.55189
3.55197
3.55199
3.55184
3.55179
3.55183
3.55178
3.55174
3.55193
3.55182
3.55185
3.55179
3.55182
3.55176
3.55173
3.5518
3.55171
3.55153
3.55155
3.5515
3.55167
3.55162
3.55147
3.55145
3.55164
3.55159
3.55166
3.55145
3.5514
3.55156
3.55159
3.55149
3.55138
3.55131
3.55136
3.55155
3.55139
3.55148
3.55133
3.55145
3.55144
3.55146
3.55148
3.55136
3.55142
3.55157
3.55152
3.55144
3.55142
3.55143
3.55149
3.55146
3.55167
3.55149
3.55168
3.55149
3.55159
3.55151
3.55159
3.55136
3.5514
3.55159
3.5516
3.55147
3.55162
3.55157
3.55144
3.55153
3.55151
3.55149
3.55142
3.55156
3.5516
3.55156
3.55156
3.55152
3.55144
3.55158
3.55162
3.55153
3.55153
3.55151
3.55152
3.55148
3.5516
3.55157
3.5516
3.55142
3.55148
3.55139
3.55145
3.55142
3.55146
3.5514
3.55157
3.55149
3.55148
3.55162
3.55153
3.55137
3.55151
3.55147
3.55165
3.55153
3.55146
3.55147
3.55148
3.55148
3.55142
3.55154
3.55155
3.55148
3.55148
3.55141
3.55141
3.55144
3.55145
3.55135
3.55123
3.55137
3.55144
3.55142
3.55138
3.55148
3.55142
3.55139
3.55154
3.55139
3.55143
3.55151
3.55124
3.55135
3.55134
3.55136
3.55117
3.55133
3.55138
3.55123
3.55118
3.5513
3.55127
3.55134
3.55129
3.55118
3.55124
3.55122
3.55126
3.55107
3.55098
3.55103
3.55106
3.55107
3.551
3.55108
3.55114
3.55108
3.55113
3.55101
3.55108
3.55109
3.55114
3.55098
3.55104
3.55103
3.55098
3.55099
3.55094
3.55096
3.55116
3.55103
3.55112
3.55102
3.55092
3.55099
3.55086
3.55082
3.55099
3.55096
3.55097
3.55097
3.5509
3.55086
3.55076
3.55078
3.55087
3.5509
3.55082
3.55084
3.5508
3.55091
3.55082
3.55082
3.55089
3.55093
3.55085
3.55085
3.55089
3.55089
3.55089
3.55104
3.55095
3.55083
3.55072
3.55083
3.55064
3.55072
3.55083
3.55088
3.5508
3.55078
3.55068
3.55071
3.55064
3.55059
3.55052
3.55059
3.55048
3.55057
3.55067
3.55056
3.55062
3.55051
3.55057
3.55052
3.55051
3.55051
3.55052
3.55048
3.55049
3.55056
3.55048
3.55043
3.55048
3.55053
3.55062
3.5506
3.55062
3.55054
3.55065
3.55058
3.55063
3.55046
3.5505
3.55039
3.55045
3.55045
3.55033
3.55049
3.55036
3.55046
3.5505
3.55057
3.55044
3.55052
3.55043
3.55043
3.55042
3.55045
3.55047
3.55049
3.55034
3.55058
3.55055
3.55054
3.55047
3.55056
3.55036
3.55051
3.55051
3.55062
3.55044
3.55059
3.55054
3.55038
3.55046
3.55054
3.55037
3.55057
3.55032
3.55051
3.55054
3.55055
3.55052
3.55044
3.55033
3.55035
3.55054
3.55047
3.5505
3.55054
3.55052
3.55043
3.55066
3.55059
3.55057
3.55053
3.55041
3.55053
3.55057
3.55059
3.5506
3.55052
3.55056
3.55057
3.55062
3.55057
3.55056
3.55051
3.55046
3.55045
3.55041
3.55052
3.55067
3.55048
3.55053
3.55043
3.55053
3.55054
3.55053
3.55055
3.55056
3.55059
3.55057
3.55061
3.55059
3.55059
3.55056
3.5504
3.5504
3.55035
3.55027
3.55034
3.55042
3.55034
3.55037
3.55038
3.55024
3.55043
3.55035
3.55047
3.55042
3.55021
3.55033
3.55037
3.5503
3.55033
3.55031
3.55034
3.55033
3.55041
3.55038
3.55032
3.55026
3.5503
3.55004
3.55005
3.55026
3.55016
3.55017
3.55025
3.55023
3.55036
3.5502
3.5502
3.55022
3.55026
3.55025
3.55025
3.55024
3.55025
3.55023
3.55033
3.55015
3.5503
3.55028
3.55022
3.55019
3.55017
3.55009
3.55026
3.55029
3.55026
3.55024
3.55023
3.55035
3.55027
3.55029
3.55009
3.55008
3.5501
3.55012
3.55019
3.55013
3.5502
3.55013
3.55007
3.54996
3.55019
3.55008
3.55011
3.54994
3.54984
3.54991
3.55005
3.5499
3.54989
3.54978
3.55007
3.54998
3.5499
3.54993
3.54994
3.54979
3.54986
3.54983
3.54986
3.54991
3.54993
3.54984
3.55002
3.54988
3.55
3.54985
3.54978
3.54981
3.54979
3.54974
3.54975
3.54971
3.54965
3.54977
3.54967
3.54972
3.5497
3.5497
3.5497
3.54967
3.5497
3.54976
3.54975
3.54972
3.54974
3.54976
3.54972
3.54978
3.54981
3.54971
3.54981
3.54976
3.54978
3.54987
3.54975
3.54972
3.5498
3.54975
3.5498
3.54971
3.54981
3.54973
3.54987
3.54973
3.54987
3.54983
3.54973
3.54982
3.54999
3.54982
3.5499
3.54987
3.5499
3.54987
3.54998
3.54994
3.5498
3.54968
3.54978
3.54983
3.54976
3.54981
3.54973
3.54982
3.54984
3.54982
3.54979
3.54991
3.54992
3.54983
3.54988
3.54992
3.54987
3.54989
3.54988
3.54991
3.5498
3.54982
3.54983
3.54981
3.54993
3.54984
3.54979
3.54976
3.54986
3.54985
3.54979
3.54983
3.54979
3.5498
3.5498
3.54975
3.54973
3.54976
3.54981
3.54986
3.5497
3.54985
3.5498
3.54981
3.54975
3.54982
3.54975
3.54983
3.54976
3.5499
3.54973
3.54975
3.54977
3.54969
3.5497
3.54979
3.54975
3.54964
3.54949
3.54975
3.54978
3.54977
3.54981
3.54967
3.54966
3.54974
3.54962
3.54966
3.54966
3.54965
3.54955
3.54963
3.54952
3.54958
3.54958
3.54959
3.5493
3.54946
3.54951
3.54945
3.54942
3.54943
3.54946
3.54948
