4.99297
4.99426
4.99297
4.99265
4.99071
4.99587
4.99297
4.99297
4.99458
4.99458
4.99361
4.99393
4.99554
4.99458
4.99361
4.99297
4.99748
4.99522
4.99587
4.99522
4.99458
4.99554
4.9949
4.99554
4.9949
4.9949
4.99426
4.99587
4.99683
4.99458
4.99554
4.99458
4.99265
4.99522
4.99587
4.99361
4.99361
4.99748
4.99554
4.9978
4.99651
4.99265
4.99297
4.99426
4.99554
4.99393
4.99265
4.99232
4.99522
4.9949
4.99393
4.99458
4.9949
4.99232
4.99265
4.99522
4.99393
4.99587
4.99458
4.99329
4.9949
4.99329
4.99361
4.99329
4.99587
4.99297
4.99426
4.99329
4.99587
4.99683
4.99651
4.99458
4.99619
4.99812
4.99554
4.9949
4.99458
4.99426
4.99426
4.9949
4.99554
4.99426
4.99651
4.99651
4.99876
4.99522
4.99522
4.99458
4.99393
4.99426
4.9949