22.9458
22.948
22.9326
22.9253
22.9399
22.9287
22.9313
22.7883
22.9287
22.9248
22.9182
22.9235
22.9244
22.9058
22.81
22.9136
22.9131
22.9108
22.9177
22.9168
22.914
22.8087
22.9164
22.7498
22.9073
22.8962
22.9003
22.835
22.9059
22.7679
22.9037
22.8933
22.9002
22.7984
22.8967
22.8981
22.8968
22.722
22.7826
22.8961
22.8948
22.8009
22.8106
22.9086
22.8423
22.8869
22.7747
22.8873
22.7344
22.8837
22.7265
22.8902
22.8061
22.8439
22.8892
22.8784
22.8052
22.7528
22.7681
22.8857
22.724
22.7175
22.8915
22.7291
22.8771
22.8833
22.8784
22.8234
22.7552
22.8813
22.8804
22.8765
22.8767
22.8779
22.734
22.8011
22.8744
22.8735
22.7293
22.7416
22.886
22.7243
22.8908
22.883
22.8969
22.7597
22.7327
22.7412
22.7717
22.8615
22.8795
22.7632
22.7512
22.7962
22.7545
22.7439
22.7677
22.7226
22.7383
22.7531
22.7404
22.8913
22.7621
22.7957
22.7825
22.7185
22.7363
22.7286
22.7985
22.7715
22.8083
22.8249
22.7496
22.8737
22.8185
22.7574
22.8659
22.7586
22.7969
22.7205
22.8399
22.7473
22.7503
22.7796
22.7534
22.7358
22.7734
22.728
22.748
22.8237
22.8942
22.8719
22.8879
22.816
22.7326
22.7359
22.7847
22.8348
22.7497
22.7388
22.761
22.7244
22.7417
22.7795
22.7453
22.7294
22.8064
22.7067
22.7196
22.7232
22.7672
22.7198
22.807
22.7421
22.736
22.7516
22.7147
22.8226
22.7393
22.7613
22.7485
22.7134
22.7659
22.7144
22.7264
22.8167
22.7619
22.8013
22.7121
22.7759
22.753
22.7203
22.7195
22.7459
22.7087
22.7483
22.7263
22.8749
22.7148
22.7826
22.7294
22.7194
22.727
22.7488
22.7313
22.7295
22.7235
22.7319
22.722
22.7262
22.7497
22.7656
22.7561
22.7281
22.7882
22.741
22.8887
22.727
22.7878
22.7878
22.7284
22.736
22.7962
22.7404
22.7373
22.75
22.7626
22.7173
22.7761
22.7247
22.8119
22.8304
22.7348
22.7459
22.7693
22.7492
22.8352
22.8124
22.7344
22.7839
22.7316
22.7711
22.7292
22.7747
22.7665
22.7399
22.7523
22.7821
22.765
22.7353
22.734
22.7577
22.7531
22.7297
22.7563
22.7388
22.7734
22.8522
22.7345
22.7716
22.7705
22.7699
22.7447
22.7777
22.7418
22.7448
22.7349
22.7458
22.7532
22.7233
22.757
22.7364
22.7441
22.7165
22.7207
22.7539
22.73
22.7179
22.7239
22.7162
22.713
22.7324
22.7277
22.726
22.7188
22.7178
22.7197
22.7228
22.7213
22.7123
22.7218
22.7836
22.7078
22.7235
22.756
22.727
22.7258
22.7255
22.7273
22.747
22.8066
22.7189
22.7285
22.7221
22.7451
22.734
22.8442
22.7802
22.7149
22.7308
22.7587
22.8247
22.7348
22.7294
22.7382
22.7281
22.7559
22.7314
22.7347
22.7341
22.7188
22.7788
22.7588
22.7817
22.7371
22.7649
22.7564
22.7474
22.74
22.7405
22.7564
22.77
22.7446
22.7457
22.7439
22.7343
22.7515
22.7399
22.7315
22.7286
22.7209
22.7206
22.7266
22.7098
22.7253
22.7257
22.7217
22.7305
22.7262
22.7292
22.7181
22.7113
22.7423
22.7089
22.7178
22.721
22.7119
22.7208
22.716
22.7107
22.7411
22.7284
22.7209
22.7361
22.7273
22.7129
22.7211
22.7266
22.7179
22.7446
22.7225
22.7155
22.737
22.7228
22.7301
22.7184
22.7527
22.7243
22.7462
22.7164
22.7149
22.7225
22.7205
22.7284
22.7582
22.7734
22.7236
22.725
22.7288
22.7425
22.7227
22.7107
22.7188
22.7159
22.7227
22.714
22.722
22.722
22.7319
22.7233
22.7205
22.7196
22.731
22.7128
22.7061
22.7315
22.723
22.7205
22.7288
22.7241
22.7211
22.7269
22.7377
22.7307
22.7761
22.7329
22.7289
22.7373
22.732
22.7278
22.748
22.73
22.7389
22.7211
22.7332
22.7417
22.7301
22.7454
22.7259
22.7327
22.743
22.7378
22.727
22.7329
22.743
22.7386
22.7254
22.7347
22.7364
22.7313
22.7422
22.7757
22.7386
22.7387
22.7282
22.7289
22.736
22.7214
22.7357
22.786
22.7495
22.7514
22.7451
22.7551
22.7484
22.7371
22.7328
22.7389
22.7473
22.7423
22.7373
22.7472
22.7545
22.7568
22.745
22.7599
22.7438
22.7765
22.7626
22.7352
22.7713
22.7755
22.7612
22.751
22.7512
22.7532
22.7374
22.7503
22.7382
22.7456
22.7512
22.7488
22.7465
22.7445
22.7546
22.7423
22.7589
22.7563
22.7405
22.757
22.7548
22.746
22.7502
22.7502
22.7449
22.7587
22.7405
22.74
22.74
22.7428
22.7505
22.7541
22.77
22.7668
22.7339
22.7489
22.7492
22.7594
22.7375
22.7554
22.737
22.7464
22.7454
22.7561
22.7417
22.7523
22.7502
22.7595
22.7555
22.7461
22.7437
22.7518
22.7558
22.7462
22.7596
22.732
22.7587
22.7551
22.7636
22.7547
22.7498
22.7536
22.7546
22.7566
22.7543
22.7593
22.7627
22.7611
22.7592
22.7605
22.7554
22.7761
22.7541
22.7531
22.7695
22.7478
22.7625
22.7558
22.7658
22.7671
22.7503
22.7545
22.7755
22.7678
22.7616
22.7577
22.7573
22.7528
22.7709
22.75
22.7554
22.7614
22.7666
22.7819
22.7485
22.7579
22.7651
22.754
22.7528
22.7522
22.7589
22.7636
22.7548
22.759
22.7629
22.7534
22.7581
22.7555
22.7485
22.7497
22.7469
22.7537
22.7712
22.7561
22.7407
22.7496
22.7652
22.7586
22.7512
22.749
22.7433
22.7384
22.7536
22.7682
22.8066
22.7439
22.7475
22.7561
22.7587
22.7535
22.7479
22.7413
22.7366
22.7817
22.7625
22.7569
22.7443
22.7538
22.7492
22.7563
22.7477
22.7686
22.7496
22.7867
22.7616
22.7733
22.7738
22.7463
22.744
22.7468
22.7386
22.747
22.7381
22.7411
22.7486
22.7494
22.7456
22.7435
22.7536
22.74
22.7393
22.7484
22.7416
22.7535
22.7587
22.7538
22.7412
22.746
22.7498
22.7486
22.7505
22.7339
22.746
22.7493
