3.85926
3.85945
3.85931
3.85933
3.85931
3.85945
3.85932
3.85939
3.85938
3.85935
3.85935
3.85951
3.85952
3.85947
3.85939
3.85936
3.85932
3.8596
3.8593
3.85917
3.85933
3.85939
3.85937
3.85933
3.85925
3.85931
3.8592
3.8593
3.85936
3.85929
3.85934
3.85935
3.85906
3.85931
3.85926
3.85919
3.85914
3.85912
3.85923
3.85922
3.85905
3.85916
3.85924
3.85905
3.85938
3.85938
3.85922
3.85925
3.85914
3.85917
3.85906
3.85907
3.85914
3.85912
3.85906
3.85933
3.85923
3.85908
3.85911
3.85909
3.85906
3.85914
3.85898
3.85899
3.8592
3.85917
3.859
3.85917
3.85917
3.85901
3.85902
3.85914
3.85901
3.85918
3.85914
3.85924
3.85936
3.8592
3.85919
3.85915
3.85933
3.85922
3.85899
3.85904
3.85917
3.85906
3.85914
3.85903
3.85905
3.85916
3.85906
3.85913
3.85916
3.85924
3.85923
3.85917
3.85904
3.85911
3.85905
3.85924
3.85919
3.85929
3.85926
3.85916
3.85911
3.85909
3.85928
3.85921
3.8592
3.85913
3.85917
3.85924
3.85912
3.85917
3.85909
3.85924
3.85895
3.85895
3.85907
3.85904
3.85903
3.859
3.85909
3.85903
3.85896
3.85902
3.85893
