1.89135
1.89009
1.88903
1.89594
1.88981
1.8893
1.89413
1.89366
1.8935
1.89279
1.89178
1.89298
1.89498
1.89374
1.88685
1.89259
1.88677
1.89467
1.89165
1.89624
1.8954
1.89274
1.89237
1.89356
1.88874
1.89582
1.89213
1.88978
1.89598
1.89247
1.8894
1.89045
1.88635
1.89569
1.88913
1.89092
1.88718
1.89272
1.89323
1.89007
1.88659
1.8872
1.8863
1.89144
1.88712
1.88836
1.88105
1.8847
1.88558
1.88549
1.88388
1.88482
1.88527
1.88512
1.88886
1.89033
1.89288
1.88561
1.8952
1.89266
1.89588
1.89427
1.89318
1.89401
1.88901
1.89164
1.88914
1.89426
1.88804
1.89204
1.89299
1.88671
1.88814
1.89391
1.89138
1.89092
1.89303
1.89088
1.89193
1.89738
1.89286
1.88887
1.88324
1.88918
1.89271
1.89387
1.89274
1.89058
1.89403
1.88632
1.89565
1.88903
1.88888
1.88958
1.89272
1.88297
1.89166
1.89001
1.88817
1.89682
1.8878
1.89062
1.8877
1.89711
1.89463
1.8871
1.8838
1.88956
1.8896
1.88933
1.89543
1.89229
1.89269
1.88688
1.89093
1.89097
1.8933
1.90057
1.8927
1.88878
1.87053
1.89336
1.8954
1.88657
1.88603
1.89587
1.89185
1.8933
1.89049
1.89079
1.89115
1.88987
1.89297
1.88805
1.89442
1.8902
1.88963
1.88438
1.88899
1.88983
1.89292
1.89022
1.89402
1.89471
1.89746
1.89397
1.89041
1.89115
1.89638
1.89227
1.89147
1.89236
1.89188
1.89065
1.88884
1.88773
1.89099
1.88733
1.89259
1.89298
1.89393
1.88534
1.89086
1.88935
1.89511
1.88939
1.88624
1.89545
1.89189
1.89503
1.8874
1.89238
1.88656
1.88979
1.882
1.88793
1.8918
1.88565
1.88315
1.88109
1.81281
1.89205
1.88915
1.89499
1.89313
1.89173
1.89036
1.89443
1.89121
1.89147
1.89071
1.89063
1.89342
1.89101
1.8929
1.8916
1.89426
1.89447
1.89591
1.88775
1.88886
1.89038
1.89019
1.8921
1.88852
1.88991
1.89178
1.89286
1.88859
1.89282
1.89173
1.8887
1.88418
1.88709
1.89001
1.89086
1.88903
1.88894
1.89027
1.8874
1.89193
1.88678
1.88674
1.90105
1.89025
1.89278
1.89199
1.88978
1.89195
1.89421
1.89139
1.89114
1.89241
1.89276
1.89243
1.88274
1.89016
1.88887
1.88587
1.88881
1.88711
1.89024
1.88588
1.88972
1.89146
1.89073
1.88924
1.88761
1.88964
1.89042
1.88702
1.88641
1.89163
1.88795
1.88406
1.88433
1.89173
1.88936
1.89468
1.89255
1.89554
1.88871
1.89684
1.89502
1.89654
1.89241
1.89099
1.88613
1.889
1.88531
1.89281
1.88952
1.886
1.89009
1.87983
1.88941
1.88821
1.88896
1.87875
1.88878
1.89001
1.89328
1.89225
1.89263
1.89264
1.88921
1.89468
1.88899
1.89184
1.88896
1.89252
1.88483
1.89388
