2.62235
2.62265
2.62281
2.62431
2.62351
2.62423
2.6251
2.62464
2.62369
2.62447
2.62457
2.62427
2.62408
2.62361
2.62424
2.62419
2.62381
2.62402
2.62403
2.62391
2.62424
2.62452
2.62467
2.62478
2.62468
2.62485
2.62485
2.62508
2.62512
2.62526
2.62598
2.62673
2.62642
2.62692
2.62714
2.62719
2.62769
2.62774
2.62762
2.62758
2.62944
2.6302
2.6304
2.63069
2.63141
2.63132
2.63114
2.63152
2.63142
2.63159
2.63176
2.63184
2.63208
2.63186
2.63161
2.63171
2.63192
2.63217
2.63233
2.6321
2.63232
2.63206
2.63228
2.63233
2.63209
2.63224
2.63224
2.63198
2.6316
2.63205
2.63191
2.63175
2.6317
2.63145
2.63162
2.63145
2.63185
2.63189
2.63187
2.63156
2.63182
2.63184
2.63184
2.63192
2.63164
2.63177
2.63166
2.63169
2.63148
2.63157
2.63132
2.63171
2.63185
2.63134
2.63154
2.63161
2.63109
2.63142
2.63108
2.63127
2.63106
2.63112
2.63105
2.63096
2.6308
2.63064
2.63073
2.6312
2.63139
2.63124
2.63118
2.63111
2.63105
2.63104
2.63135
2.63116
2.63092
2.63074
2.63078
2.63073
2.63073
2.6307
2.63054
2.63059
2.63043
2.63056
2.63052
2.63044
2.63041
2.63069
2.63037
2.63024
2.63032
2.63029
2.63029
2.63014
2.63023
2.63039
2.63024
2.63013
2.63018
2.63029
2.63001
2.63026
2.62995
2.62998
2.62988
2.62959
2.62988
2.62968
2.6297
2.62975
2.62992
2.62977
2.63016
2.63005
2.62977
2.6297
2.62978
2.62949
2.62918
2.62938
2.62915
2.62917
2.6294
2.62858
2.6285
2.62853
2.62844
2.62842
2.62848
2.62823
2.62841
2.62799
2.62818
2.62813
2.62823
2.62815
2.62819
2.62806
2.6283
2.62782
2.62837
2.62845
2.6281
2.62803
2.62813
2.62805
2.62818
2.62814
2.62792
2.62797
2.62783
2.62991
2.6305
2.63111
2.63101
2.63084
2.63071
2.6302
2.63035
2.63011
2.6297
2.62953
2.62956
2.62803
2.62826
2.62813
2.62798
2.62807
2.6274
2.62722
2.62712
2.62715
2.62554
2.6254
2.62589
2.6254
2.62595
2.62589
2.62586
2.62607
2.62654
2.62698
2.62733
2.62721
2.62724
2.62712
2.62704
2.6266
2.62715
2.62705
2.62699
2.62693
2.62688
2.6269
2.62639
2.62722
2.62684
2.62664
2.62683
2.62701
2.62677
2.62742
2.62745
2.6276
2.62742
2.62774
2.6276
2.62813
2.62814
2.62841
2.62806
2.62793
2.62798
2.6282
2.62856
2.629
2.62874
2.629
2.62929
2.62926
2.62937
2.6289
2.62902
2.62901
2.62892
2.62905
2.62882
2.62933
2.6292
2.62923
2.62907
2.62905
2.62893
2.62906
2.62844
2.62906
2.62872
2.63465
2.63522
2.6352
2.63509
